<?xml version="1.0" encoding="UTF-8" standalone="no"?>
<!DOCTYPE svg PUBLIC "-//W3C//DTD SVG 20010904//EN"
              "http://www.w3.org/TR/2001/REC-SVG-20010904/DTD/svg10.dtd">

<svg xmlns="http://www.w3.org/2000/svg"
     width="10.3139in" height="4.20892in"
     viewBox="0 0 990 404">
  <path id="Sélection #3"
        fill="none" stroke="black" stroke-width="1"
        d="M 609.00,53.00
           C 609.00,53.00 609.00,132.00 609.00,132.00
             609.00,132.00 733.00,132.00 733.00,132.00
             761.42,132.00 784.20,128.94 809.00,146.44
             852.22,176.93 853.10,242.22 811.00,274.10
             797.73,284.15 780.66,289.98 764.00,290.00
             764.00,290.00 746.00,289.00 746.00,289.00
             746.00,289.00 609.00,289.00 609.00,289.00
             609.00,289.00 609.00,371.00 609.00,371.00
             609.00,371.00 449.00,371.00 449.00,371.00
             449.00,371.00 449.00,289.00 449.00,289.00
             449.00,289.00 190.00,289.00 190.00,289.00
             190.00,289.00 190.00,132.00 190.00,132.00
             190.00,132.00 449.00,132.00 449.00,132.00
             449.00,132.00 449.00,53.00 449.00,53.00
             449.00,53.00 609.00,53.00 609.00,53.00 Z" />
</svg>
