<?xml version="1.0" encoding="UTF-8" standalone="no"?>
<!DOCTYPE svg PUBLIC "-//W3C//DTD SVG 20010904//EN"
              "http://www.w3.org/TR/2001/REC-SVG-20010904/DTD/svg10.dtd">

<svg xmlns="http://www.w3.org/2000/svg"
     width="10.3139in" height="4.20892in"
     viewBox="0 0 990 404">
  <path id="Sans nom"
        fill="none" stroke="black" stroke-width="1"
        d="M 217.00,213.00
           C 217.00,213.00 221.00,178.00 269.00,176.00
             319.00,176.00 385.00,151.00 438.00,150.00
             491.00,149.00 457.00,99.00 485.00,81.00
             513.00,63.00 565.00,61.00 574.00,80.00
             583.00,99.00 525.00,151.00 523.00,195.00
             521.00,239.00 575.00,203.00 578.00,233.00
             581.00,263.00 604.00,347.00 558.00,345.00
             512.00,343.00 467.00,369.00 461.00,339.00
             455.00,309.00 504.00,254.00 474.00,243.00
             444.00,232.00 239.00,288.00 228.00,259.00
             217.00,230.00 372.00,196.00 402.00,205.00
             432.00,214.00 579.00,269.00 641.00,274.00
             703.00,279.00 791.00,275.00 800.00,228.00
             809.00,181.00 812.00,165.00 762.00,152.00
             712.00,139.00 610.00,133.00 571.00,152.00
             532.00,171.00 553.00,199.00 607.00,206.00
             661.00,213.00 730.00,206.00 730.00,206.00" />
</svg>
